Iteration 0 has 1 paths:
[252, 253, 254, 255, 256, 257, 256, 255, 256, 257, 256, 255, 254, 255, 256, 257, 257, 258, 259, 260, 261, 262, 263, 262, 262, 263, 264, 264, 265, 265, 265, 264, 263, 264, 263, 262, 261, 260, 259, 258, 258, 257, 256, 255, 254, 253, 253, 254, 255, 256, 256, 255, 255, 256, 257, 257, 257, 258, 259, 260, 261, 262, 263, 262, 262, 263, 264, 264, 263, 262, 261, 260, 259, 259, 259, 258, 257, 256, 255, 254, 255, 256, 255, 254, 254, 253, 252, 251, 252, 251, 250, 249, 250, 251, 252, 253, 254, 255, 254, 253, 254, 255, 256, 255, 256, 257, 258, 259, 260, 261, 262, 263, 264, 263, 262, 261, 260, 260, 261, 262, 261, 260, 259, 259, 258, 257, 256, 255, 254, 253, 252, 251, 250, 249, 248, 248, 249, 250, 251, 252, 253, 254, 255, 256, 257, 257, 258, 259, 260, 261, 262, 261, 260, 260, 260, 261, 262, 263, 264, 265, 266, 267, 268, 268, 267, 267, 268, 268, 267, 266, 266, 266, 265, 266, 267, 268, 267, 268, 267, 267, 268, 267, 268, 269, 268, 268]
Iteration 1 has 1 paths:
[251, 252, 253, 254, 255, 256, 255, 254, 255, 256, 256, 255, 254, 255, 256, 257, 257, 257, 258, 259, 260, 261, 262, 261, 262, 263, 264, 264, 265, 265, 264, 263, 263, 263, 262, 261, 260, 259, 258, 257, 257, 256, 255, 254, 253, 252, 253, 254, 255, 256, 255, 254, 254, 255, 256, 257, 256, 257, 257, 256, 255, 256, 256, 255, 254, 253, 254, 255, 254, 253, 254, 254, 254, 255, 256, 256, 257, 256, 255, 254, 254, 255, 254, 253, 253, 253, 254, 253, 252, 251, 250, 249, 250, 251, 252, 253, 254, 255, 254, 253, 254, 255, 256, 255, 256, 257, 257, 258, 259, 260, 261, 262, 263, 262, 261, 260, 259, 260, 261, 262, 263, 264, 265, 264, 264, 264, 263, 262, 263, 264, 264, 265, 264, 263, 263, 262, 261, 261, 262, 263, 264, 264, 264, 263, 262, 261, 262, 263, 264, 265, 266, 267, 268, 268, 267, 268, 268, 267, 266, 265, 266, 267, 267, 267, 267, 267, 268, 267, 266, 266, 265, 264, 265, 266, 267, 267, 267, 268, 267, 268, 268, 267, 267, 268, 267, 267]
Iteration 2 has 1 paths:
[250, 251, 252, 253, 254, 255, 255, 254, 255, 256, 256, 255, 254, 255, 256, 255, 254, 254, 255, 256, 257, 258, 259, 260, 261, 262, 263, 264, 265, 265, 264, 263, 264, 263, 262, 261, 260, 259, 258, 257, 257, 256, 255, 254, 253, 252, 252, 253, 254, 255, 254, 253, 253, 254, 255, 256, 256, 257, 257, 256, 256, 257, 258, 259, 258, 257, 256, 255, 254, 253, 254, 254, 254, 255, 256, 256, 256, 255, 254, 253, 254, 255, 254, 253, 253, 253, 254, 253, 252, 251, 250, 249, 249, 250, 251, 252, 253, 254, 253, 252, 253, 254, 255, 254, 255, 256, 256, 257, 258, 259, 260, 261, 262, 261, 260, 259, 258, 259, 260, 261, 260, 259, 258, 259, 258, 257, 258, 259, 260, 261, 262, 263, 264, 263, 263, 262, 261, 262, 263, 264, 265, 266, 267, 268, 269, 268, 267, 267, 267, 267, 267, 267, 268, 267, 267, 268, 267, 266, 265, 264, 263, 262, 261, 260, 259, 259, 260, 261, 262, 262, 263, 263, 262, 261, 260, 259, 259, 260, 261, 260, 259, 258, 257, 256, 256, 256]
Iteration 3 has 1 paths:
[267, 268, 269, 269, 269, 268, 267, 266, 266, 267, 266, 265, 264, 263, 262, 262, 262, 263, 264, 265, 266, 267, 268, 269, 268, 267, 266, 265, 265, 265, 264, 263, 264, 263, 262, 261, 260, 259, 258, 257, 256, 255, 254, 253, 252, 251, 252, 253, 254, 255, 254, 253, 252, 253, 254, 255, 256, 257, 257, 256, 256, 257, 258, 259, 258, 257, 256, 255, 254, 253, 254, 253, 254, 255, 256, 257, 256, 255, 254, 253, 253, 254, 253, 252, 252, 252, 253, 252, 252, 251, 250, 249, 249, 249, 250, 251, 252, 253, 252, 252, 253, 254, 255, 254, 254, 255, 256, 257, 257, 258, 259, 260, 261, 260, 259, 258, 257, 258, 259, 260, 260, 261, 260, 259, 258, 257, 257, 258, 259, 260, 261, 262, 263, 264, 263, 262, 261, 261, 262, 263, 264, 265, 266, 267, 268, 267, 267, 267, 267, 267, 267, 267, 267, 267, 267, 267, 266, 266, 265, 264, 265, 266, 266, 265, 265, 266, 266, 265, 264, 265, 264, 263, 264, 265, 264, 265, 265, 266, 267, 268, 269, 269, 269, 268, 269, 269]
Iteration 4 has 1 paths:
[256, 257, 258, 259, 260, 261, 262, 261, 260, 259, 260, 261, 262, 261, 262, 262, 262, 262, 263, 264, 265, 266, 267, 268, 267, 266, 266, 267, 266, 265, 264, 263, 263, 262, 261, 260, 259, 258, 257, 256, 255, 254, 253, 252, 251, 250, 251, 252, 253, 254, 253, 252, 251, 252, 252, 251, 251, 252, 253, 254, 255, 256, 257, 258, 258, 257, 256, 255, 254, 253, 253, 253, 253, 254, 255, 256, 255, 254, 253, 252, 252, 253, 252, 251, 251, 252, 253, 252, 251, 251, 252, 253, 254, 255, 254, 254, 255, 254, 253, 252, 253, 254, 255, 254, 253, 254, 255, 256, 257, 258, 259, 260, 261, 260, 259, 260, 261, 262, 261, 260, 260, 261, 260, 259, 260, 261, 261, 260, 260, 261, 261, 262, 263, 264, 263, 262, 261, 261, 262, 263, 264, 264, 263, 262, 261, 262, 262, 263, 264, 264, 265, 266, 267, 267, 266, 267, 266, 266, 265, 264, 265, 266, 265, 265, 265, 264, 264, 263, 262, 262, 263, 263, 262, 261, 260, 259, 258, 259, 260, 259, 258, 257, 256, 255, 255, 255]
Iteration 5 has 1 paths:
[250, 251, 252, 253, 254, 255, 255, 254, 255, 256, 256, 255, 254, 255, 256, 257, 256, 256, 257, 258, 259, 260, 261, 260, 261, 262, 263, 264, 265, 265, 264, 263, 262, 262, 261, 260, 259, 258, 259, 258, 258, 259, 260, 260, 260, 260, 261, 262, 263, 264, 263, 262, 261, 260, 259, 260, 260, 260, 259, 258, 257, 258, 259, 258, 257, 256, 255, 254, 253, 252, 251, 251, 252, 253, 254, 255, 254, 253, 252, 251, 251, 252, 251, 250, 251, 252, 252, 251, 250, 251, 252, 253, 253, 254, 254, 254, 254, 254, 253, 252, 253, 254, 255, 254, 253, 254, 255, 256, 257, 257, 258, 259, 260, 259, 258, 259, 260, 261, 260, 259, 260, 260, 259, 259, 260, 261, 260, 259, 259, 260, 261, 262, 262, 263, 262, 261, 260, 261, 262, 263, 264, 264, 265, 266, 267, 266, 266, 266, 266, 266, 266, 267, 267, 267, 267, 266, 265, 266, 265, 264, 265, 266, 265, 265, 266, 265, 264, 263, 262, 262, 263, 263, 264, 265, 266, 267, 266, 267, 267, 267, 266, 265, 266, 267, 267, 266]
Iteration 6 has 1 paths:
[249, 249, 249, 250, 251, 252, 253, 254, 255, 256, 256, 255, 254, 255, 255, 254, 253, 252, 251, 250, 251, 250, 249, 248, 247, 248, 249, 249, 250, 251, 252, 253, 254, 255, 256, 257, 257, 258, 258, 257, 258, 259, 260, 261, 262, 263, 264, 265, 264, 264, 263, 262, 261, 260, 259, 260, 260, 259, 258, 257, 256, 257, 258, 258, 258, 258, 259, 259, 259, 260, 261, 262, 263, 264, 265, 266, 265, 265, 265, 266, 266, 265, 264, 264, 265, 264, 264, 265, 266, 266, 265, 264, 263, 264, 265, 266, 265, 264, 263, 264, 265, 266, 266, 265, 265, 266, 266, 266, 266, 265, 264, 263, 263, 263, 262, 261, 260, 260, 259, 258, 259, 260, 260, 259, 259, 260, 261, 260, 259, 260, 261, 262, 263, 263, 262, 261, 260, 261, 262, 263, 264, 264, 264, 265, 266, 266, 266, 266, 266, 266, 266, 266, 266, 265, 265, 266, 265, 266, 265, 264, 264, 265, 264, 264, 265, 266, 266, 265, 266, 266, 266, 266, 265, 264, 265, 264, 264, 264, 264, 265, 266, 265, 265, 266, 266, 265]
Iteration 7 has 1 paths:
[260, 261, 260, 259, 258, 259, 260, 259, 258, 257, 256, 255, 254, 255, 256, 256, 255, 254, 253, 252, 251, 250, 249, 248, 247, 248, 249, 249, 250, 251, 252, 253, 254, 255, 256, 257, 257, 257, 258, 257, 258, 259, 260, 260, 261, 262, 263, 264, 263, 263, 263, 262, 261, 260, 259, 260, 261, 262, 263, 262, 261, 260, 259, 258, 257, 256, 255, 254, 253, 252, 251, 250, 251, 252, 253, 254, 254, 253, 253, 254, 255, 254, 253, 252, 251, 252, 252, 251, 250, 251, 252, 253, 253, 253, 252, 251, 251, 252, 253, 252, 253, 254, 254, 253, 253, 254, 255, 256, 257, 257, 257, 258, 259, 258, 257, 257, 258, 259, 258, 258, 259, 260, 259, 258, 257, 256, 255, 254, 254, 254, 253, 254, 255, 256, 257, 258, 257, 256, 256, 257, 258, 259, 259, 260, 260, 261, 262, 263, 263, 263, 262, 261, 260, 260, 259, 258, 259, 258, 259, 259, 258, 259, 258, 259, 259, 258, 259, 260, 261, 261, 262, 263, 264, 264, 265, 264, 264, 265, 265, 265, 265, 264, 265, 265, 264, 264]
Iteration 8 has 1 paths:
[253, 254, 255, 256, 257, 258, 259, 258, 257, 256, 256, 255, 254, 255, 256, 255, 254, 253, 252, 251, 250, 249, 249, 248, 247, 248, 249, 249, 249, 250, 251, 252, 253, 254, 255, 256, 256, 257, 258, 257, 258, 259, 260, 260, 260, 261, 262, 263, 262, 261, 260, 261, 260, 259, 258, 259, 260, 261, 262, 263, 264, 263, 262, 262, 263, 264, 263, 263, 263, 262, 262, 263, 262, 262, 263, 264, 263, 264, 263, 263, 264, 263, 262, 262, 263, 262, 262, 263, 264, 264, 263, 262, 261, 262, 263, 264, 263, 262, 261, 262, 263, 264, 264, 263, 263, 264, 264, 264, 264, 263, 263, 264, 263, 262, 261, 260, 259, 258, 257, 256, 255, 254, 255, 256, 256, 255, 254, 253, 254, 253, 253, 253, 254, 255, 256, 257, 256, 255, 255, 254, 255, 254, 255, 256, 256, 256, 257, 257, 257, 256, 255, 254, 253, 253, 252, 252, 251, 250, 249, 249, 250, 251, 252, 253, 254, 255, 256, 257, 258, 259, 258, 258, 259, 260, 259, 259, 258, 259, 260, 259, 258, 257, 256, 255, 254, 253]
Iteration 9 has 1 paths:
[252, 253, 254, 255, 256, 257, 258, 257, 256, 255, 255, 254, 253, 254, 255, 255, 254, 253, 252, 251, 250, 250, 249, 248, 247, 248, 249, 249, 249, 250, 251, 252, 253, 254, 255, 256, 256, 257, 258, 257, 258, 259, 260, 260, 260, 260, 261, 262, 261, 261, 260, 260, 259, 258, 257, 256, 255, 256, 257, 257, 256, 257, 258, 258, 257, 257, 258, 258, 257, 258, 259, 260, 261, 261, 262, 263, 262, 263, 262, 262, 263, 262, 261, 261, 262, 261, 261, 262, 263, 263, 262, 261, 260, 261, 262, 263, 262, 261, 260, 261, 262, 263, 263, 262, 262, 262, 263, 263, 263, 262, 261, 260, 259, 259, 260, 259, 260, 259, 260, 261, 260, 260, 259, 260, 261, 262, 261, 262, 262, 261, 262, 263, 262, 261, 260, 259, 258, 259, 260, 261, 261, 261, 260, 259, 259, 260, 260, 261, 260, 259, 258, 259, 258, 259, 258, 257, 258, 257, 258, 257, 256, 256, 257, 258, 259, 258, 257, 258, 259, 260, 261, 262, 261, 262, 263, 263, 263, 263, 262, 263, 262, 263, 263, 263, 263, 263]
Iteration 10 has 1 paths:
[252, 252, 253, 254, 255, 256, 257, 256, 255, 256, 255, 254, 253, 254, 255, 255, 254, 253, 252, 251, 250, 250, 249, 248, 247, 248, 249, 249, 249, 249, 250, 251, 252, 253, 252, 251, 251, 250, 249, 248, 248, 249, 250, 251, 250, 249, 250, 251, 252, 253, 252, 251, 250, 251, 252, 251, 250, 251, 252, 253, 253, 254, 255, 254, 253, 253, 254, 255, 256, 257, 257, 256, 256, 257, 256, 257, 258, 258, 258, 258, 258, 258, 259, 260, 261, 260, 259, 258, 257, 256, 255, 256, 257, 256, 255, 256, 257, 258, 259, 260, 261, 262, 262, 261, 261, 262, 262, 262, 261, 260, 259, 260, 259, 258, 257, 258, 257, 257, 257, 256, 255, 254, 254, 255, 255, 254, 253, 252, 251, 250, 249, 248, 249, 249, 248, 248, 249, 249, 250, 250, 251, 250, 250, 251, 250, 250, 251, 252, 252, 252, 252, 252, 252, 253, 252, 252, 251, 250, 249, 248, 249, 250, 249, 250, 249, 250, 250, 249, 248, 247, 246, 245, 246, 247, 248, 249, 250, 249, 249, 250, 251, 251, 252, 253, 254, 253]
Iteration 11 has 1 paths:
[252, 252, 253, 254, 254, 255, 256, 257, 256, 256, 255, 254, 253, 254, 255, 255, 254, 253, 252, 251, 251, 250, 249, 248, 247, 248, 249, 249, 249, 249, 249, 250, 251, 252, 252, 251, 251, 250, 249, 248, 248, 249, 250, 249, 248, 248, 249, 250, 251, 252, 251, 250, 249, 248, 248, 249, 250, 250, 251, 252, 253, 254, 255, 255, 255, 256, 257, 258, 259, 260, 260, 261, 260, 259, 260, 261, 260, 261, 260, 259, 258, 258, 258, 259, 260, 259, 258, 257, 256, 255, 255, 256, 257, 256, 255, 256, 257, 258, 258, 259, 260, 261, 260, 259, 258, 257, 256, 256, 257, 257, 257, 258, 258, 257, 257, 258, 257, 256, 255, 255, 254, 253, 253, 254, 255, 256, 257, 258, 258, 259, 260, 261, 261, 260, 259, 258, 257, 258, 258, 259, 259, 258, 257, 258, 258, 259, 259, 259, 258, 257, 256, 257, 257, 257, 256, 255, 256, 255, 256, 255, 254, 255, 256, 257, 257, 256, 255, 256, 257, 258, 259, 260, 260, 259, 258, 257, 256, 257, 256, 255, 254, 253, 253, 253, 253, 253]
Iteration 12 has 1 paths:
[258, 259, 260, 260, 260, 259, 258, 257, 258, 259, 258, 257, 258, 257, 256, 255, 255, 255, 255, 256, 257, 258, 259, 260, 259, 258, 259, 260, 259, 258, 257, 256, 256, 255, 254, 253, 252, 251, 250, 249, 248, 249, 250, 249, 248, 248, 249, 250, 251, 252, 251, 250, 249, 248, 248, 249, 249, 250, 250, 251, 252, 253, 254, 255, 255, 256, 257, 257, 256, 257, 258, 259, 258, 258, 259, 260, 259, 260, 259, 258, 258, 258, 258, 258, 259, 258, 258, 257, 256, 255, 255, 256, 257, 256, 255, 256, 257, 258, 258, 258, 259, 260, 260, 259, 258, 257, 258, 259, 259, 258, 257, 258, 259, 258, 257, 257, 256, 255, 254, 254, 254, 253, 252, 253, 253, 254, 254, 253, 252, 251, 251, 252, 252, 253, 253, 254, 254, 253, 253, 252, 253, 253, 254, 254, 254, 254, 253, 254, 254, 254, 254, 253, 252, 253, 252, 252, 251, 250, 249, 248, 249, 249, 250, 251, 252, 253, 254, 255, 256, 256, 256, 256, 257, 258, 258, 257, 258, 257, 256, 255, 254, 253, 252, 252, 251, 251]
Iteration 13 has 1 paths:
[258, 258, 259, 259, 258, 257, 257, 257, 258, 259, 258, 257, 258, 258, 257, 257, 257, 258, 258, 257, 256, 257, 258, 259, 258, 257, 258, 259, 259, 258, 257, 257, 256, 255, 254, 253, 253, 254, 255, 254, 255, 256, 257, 258, 257, 257, 257, 258, 257, 257, 256, 257, 256, 255, 254, 255, 256, 255, 256, 257, 256, 255, 256, 257, 258, 259, 258, 259, 258, 257, 258, 259, 258, 258, 259, 259, 258, 258, 257, 257, 258, 258, 257, 257, 258, 258, 257, 256, 256, 255, 255, 256, 257, 256, 255, 256, 257, 257, 257, 257, 258, 259, 259, 259, 258, 257, 256, 257, 258, 257, 257, 258, 259, 259, 258, 257, 257, 256, 257, 257, 256, 256, 256, 256, 257, 258, 257, 256, 255, 256, 257, 258, 259, 258, 257, 256, 255, 256, 257, 256, 257, 257, 257, 258, 257, 257, 257, 256, 255, 254, 254, 253, 252, 251, 252, 252, 251, 250, 249, 248, 249, 250, 251, 252, 253, 253, 254, 255, 256, 257, 258, 259, 259, 259, 258, 257, 256, 257, 256, 255, 254, 253, 252, 251, 250, 250]
Iteration 14 has 2 paths:
[249, 249, 249, 249, 250, 251, 252, 253, 254, 253, 252, 251, 250, 251, 250, 249, 249, 250, 250, 250, 251, 252, 253, 254, 255, 256, 257, 258, 258, 257, 256, 256, 256, 256, 255, 254, 255, 256, 255, 254, 255, 256, 257, 258, 257, 256, 256, 257, 256, 256, 255, 256, 256, 255, 254, 255, 256, 255, 256, 257, 258, 257, 256, 257, 258, 257, 257, 258, 257, 256, 257, 258, 257, 257, 258, 257, 257, 257, 257, 256, 255, 254, 253, 253, 254, 255, 255, 254, 254, 253, 254, 255, 256, 255, 255, 256, 257, 256, 256, 255, 254, 254, 253, 252, 253, 254, 255, 255, 256, 255, 254, 253, 252, 252, 252, 253, 254, 254, 253, 254, 255, 256, 257, 256, 256, 255, 254, 253, 254, 255, 254, 254, 253, 252, 253, 254, 253, 252, 253, 252, 251, 252, 253, 254, 255, 256, 256, 256, 255, 254, 254, 254, 254, 254, 253, 252, 251, 250, 249, 248, 249, 248, 248, 249, 248, 248, 249, 248, 247, 246, 245, 245, 246, 247, 248, 249, 250, 249, 249, 248, 248, 247, 248, 249, 250, 250]
[88, 89, 88, 89, 89, 89, 89, 90, 91, 90, 89, 90, 89, 89, 88, 87, 86, 85, 84, 85, 85, 84, 85, 86, 87, 88, 89, 90, 91, 92, 93, 94, 95, 96, 97, 98, 99, 100, 101, 102, 103, 104, 105, 106, 107, 108, 109, 110, 111, 112, 113, 114, 115, 116, 117, 118, 119, 120, 121, 122, 123, 124, 125, 126, 127, 128, 129, 130, 131, 132, 133, 134, 135, 136, 137, 138, 137, 138, 138, 137, 138, 139, 140, 141, 142, 143, 144, 145, 146, 147, 148, 149, 150, 151, 150, 150, 150, 150, 149, 148, 147, 147, 146, 145, 144, 143, 142, 141, 140, 139, 138, 137, 136, 135, 134, 133, 132, 131, 130, 129, 128, 127, 126, 125, 124, 123, 122, 121, 120, 119, 118, 118, 117, 117, 116, 115, 114, 113, 112, 111, 111, 112, 112, 111, 110, 109, 108, 107, 106, 105, 104, 103, 102, 101, 100, 99, 98, 97, 97, 98, 98, 97, 97, 98, 99, 100, 100, 100, 100, 100, 101, 102, 103, 102, 103, 104, 105, 104, 104, 104, 103, 102, 102, 103, 104, 104]
Iteration 15 has 2 paths:
[256, 255, 256, 256, 256, 256, 256, 256, 256, 256, 256, 255, 256, 256, 255, 254, 253, 254, 255, 254, 253, 254, 255, 256, 256, 255, 255, 256, 256, 255, 254, 253, 252, 252, 251, 250, 250, 251, 252, 253, 254, 255, 256, 256, 255, 254, 254, 255, 254, 254, 254, 254, 255, 254, 253, 254, 254, 253, 254, 255, 256, 255, 254, 255, 256, 255, 255, 256, 255, 255, 255, 256, 255, 255, 256, 256, 255, 256, 256, 255, 254, 253, 252, 252, 252, 252, 251, 250, 249, 250, 251, 252, 253, 253, 254, 255, 255, 254, 254, 253, 252, 253, 252, 251, 251, 251, 250, 250, 251, 251, 252, 251, 251, 252, 251, 251, 252, 253, 254, 255, 255, 255, 256, 255, 255, 256, 255, 256, 256, 256, 256, 256, 256, 256, 256, 255, 256, 255, 254, 253, 254, 254, 255, 255, 256, 256, 256, 256, 255, 254, 253, 252, 252, 253, 252, 251, 250, 249, 248, 247, 247, 246, 247, 248, 249, 250, 251, 252, 253, 253, 252, 251, 252, 251, 252, 252, 253, 254, 253, 252, 251, 250, 249, 248, 248, 247]
[88, 89, 88, 89, 89, 89, 89, 90, 91, 90, 89, 90, 89, 88, 87, 86, 85, 84, 83, 82, 82, 83, 84, 85, 86, 87, 88, 89, 90, 91, 92, 93, 94, 95, 96, 97, 98, 99, 100, 101, 102, 103, 104, 105, 106, 107, 108, 109, 110, 111, 112, 113, 114, 115, 116, 117, 118, 119, 120, 121, 122, 123, 124, 125, 126, 127, 128, 129, 130, 131, 132, 133, 134, 135, 136, 137, 136, 137, 138, 137, 138, 139, 140, 141, 142, 143, 144, 145, 146, 146, 147, 148, 149, 150, 151, 152, 151, 150, 149, 148, 147, 148, 147, 146, 145, 144, 143, 142, 141, 140, 140, 139, 138, 137, 136, 135, 134, 133, 132, 131, 130, 129, 128, 127, 126, 125, 124, 123, 122, 121, 120, 119, 118, 117, 116, 115, 114, 113, 112, 111, 111, 111, 111, 110, 109, 108, 107, 106, 105, 105, 104, 103, 102, 101, 100, 99, 98, 97, 96, 95, 94, 95, 96, 95, 94, 93, 92, 91, 90, 91, 90, 89, 88, 87, 87, 86, 85, 85, 84, 84, 83, 84, 84, 83, 82, 82]
Iteration 16 has 1 paths:
[241, 242, 243, 244, 245, 244, 245, 246, 245, 246, 247, 248, 248, 249, 249, 249, 249, 249, 249, 249, 249, 248, 247, 246, 245, 246, 246, 247, 247, 247, 247, 248, 249, 250, 249, 248, 247, 247, 247, 246, 246, 247, 247, 246, 245, 245, 246, 247, 248, 249, 248, 247, 246, 246, 247, 248, 247, 247, 248, 248, 249, 250, 251, 251, 250, 249, 248, 249, 250, 251, 251, 250, 251, 252, 253, 254, 253, 252, 251, 252, 253, 252, 251, 251, 251, 251, 250, 249, 248, 249, 248, 247, 247, 247, 248, 247, 246, 245, 246, 247, 247, 246, 247, 248, 249, 250, 251, 251, 252, 251, 251, 250, 249, 250, 249, 250, 250, 249, 248, 247, 247, 247, 247, 247, 246, 246, 247, 248, 248, 247, 248, 249, 249, 250, 251, 251, 250, 249, 248, 249, 248, 247, 247, 248, 248, 248, 248, 249, 250, 250, 250, 249, 250, 251, 250, 250, 249, 248, 247, 246, 246, 245, 246, 247, 248, 249, 250, 251, 252, 252, 251, 250, 250, 249, 248, 247, 246, 246, 247, 247, 248, 248, 247, 247, 246, 247]
Iteration 17 has 2 paths:
[248, 247, 248, 249, 249, 250, 251, 251, 251, 251, 252, 253, 253, 253, 252, 251, 251, 252, 252, 251, 250, 251, 252, 253, 253, 252, 253, 253, 252, 251, 250, 249, 250, 251, 251, 250, 249, 250, 251, 251, 251, 251, 252, 253, 252, 251, 250, 250, 250, 250, 251, 252, 252, 251, 250, 249, 249, 250, 251, 250, 249, 250, 251, 250, 249, 248, 247, 246, 247, 247, 248, 248, 249, 250, 251, 252, 251, 250, 249, 248, 248, 249, 248, 247, 247, 248, 249, 248, 247, 248, 249, 250, 251, 251, 252, 253, 253, 252, 251, 251, 252, 253, 253, 252, 251, 250, 250, 251, 252, 251, 250, 249, 249, 250, 250, 249, 250, 249, 249, 248, 247, 247, 248, 247, 246, 247, 247, 248, 249, 250, 251, 251, 251, 251, 250, 250, 249, 248, 248, 249, 248, 249, 250, 250, 250, 249, 248, 248, 249, 249, 249, 249, 249, 250, 251, 250, 249, 248, 247, 247, 246, 245, 245, 246, 246, 247, 248, 249, 250, 251, 251, 250, 249, 248, 247, 246, 246, 245, 244, 245, 244, 243, 242, 241, 241, 241]
[88, 89, 88, 89, 89, 89, 89, 90, 91, 90, 89, 89, 88, 87, 86, 85, 84, 84, 83, 82, 82, 83, 84, 85, 86, 87, 88, 89, 90, 91, 92, 93, 94, 95, 96, 97, 98, 99, 100, 101, 102, 103, 104, 105, 106, 107, 108, 109, 110, 111, 112, 113, 114, 115, 116, 117, 118, 119, 120, 121, 122, 123, 124, 125, 126, 127, 128, 129, 130, 131, 132, 133, 134, 135, 136, 137, 138, 137, 137, 136, 137, 138, 139, 140, 141, 142, 143, 144, 145, 145, 146, 147, 148, 149, 150, 151, 150, 149, 148, 147, 146, 145, 144, 143, 142, 141, 140, 139, 138, 137, 136, 135, 134, 133, 132, 131, 130, 129, 128, 127, 126, 125, 124, 123, 122, 121, 121, 120, 119, 118, 117, 118, 117, 116, 115, 114, 113, 113, 112, 111, 111, 112, 111, 110, 109, 108, 107, 106, 105, 104, 103, 102, 102, 101, 100, 99, 98, 97, 96, 95, 94, 95, 95, 94, 93, 93, 92, 91, 90, 90, 90, 89, 88, 88, 87, 86, 85, 84, 83, 83, 82, 83, 83, 82, 82, 83]
Iteration 18 has 2 paths:
[247, 246, 245, 245, 245, 245, 244, 245, 246, 247, 248, 247, 248, 249, 250, 250, 250, 251, 250, 249, 248, 247, 246, 245, 244, 245, 245, 246, 247, 246, 246, 247, 247, 246, 247, 248, 247, 248, 249, 249, 249, 250, 251, 251, 250, 249, 249, 250, 249, 249, 249, 250, 250, 249, 249, 248, 249, 249, 249, 249, 248, 248, 249, 250, 251, 251, 250, 251, 251, 250, 249, 248, 248, 249, 250, 251, 251, 251, 250, 251, 251, 251, 250, 249, 250, 249, 248, 247, 246, 245, 245, 246, 246, 247, 247, 246, 245, 244, 245, 246, 246, 245, 246, 246, 247, 248, 248, 249, 250, 249, 248, 247, 247, 246, 245, 246, 247, 248, 248, 247, 246, 246, 247, 246, 245, 246, 247, 248, 249, 250, 251, 251, 250, 249, 248, 247, 246, 246, 246, 246, 246, 246, 247, 248, 248, 248, 247, 248, 248, 249, 250, 250, 251, 250, 250, 249, 248, 247, 246, 246, 245, 246, 247, 248, 249, 250, 251, 251, 251, 251, 250, 249, 248, 247, 246, 245, 244, 243, 242, 241, 240, 239, 238, 237, 236, 235]
[88, 89, 88, 89, 89, 89, 90, 91, 91, 90, 89, 89, 88, 87, 86, 85, 84, 83, 82, 83, 82, 82, 83, 84, 85, 86, 87, 88, 89, 90, 91, 92, 93, 94, 95, 96, 97, 98, 99, 100, 101, 102, 103, 104, 105, 106, 107, 108, 109, 110, 111, 112, 113, 114, 115, 116, 117, 118, 119, 120, 121, 122, 123, 124, 125, 126, 127, 128, 129, 130, 131, 132, 133, 134, 135, 136, 135, 135, 136, 136, 137, 138, 139, 140, 140, 141, 142, 143, 144, 145, 145, 146, 147, 148, 149, 150, 149, 148, 148, 147, 146, 146, 145, 144, 143, 142, 141, 140, 139, 138, 137, 136, 135, 134, 133, 132, 131, 130, 129, 128, 127, 126, 125, 124, 123, 122, 121, 120, 119, 118, 117, 117, 116, 115, 114, 113, 112, 111, 110, 109, 108, 107, 106, 105, 104, 103, 102, 101, 100, 99, 98, 97, 96, 95, 94, 93, 92, 91, 90, 89, 88, 87, 87, 87, 87, 86, 85, 84, 84, 84, 84, 85, 86, 87, 87, 86, 85, 84, 83, 83, 82, 83, 83, 82, 83, 83]
Iteration 19 has 2 paths:
[238, 239, 240, 241, 242, 241, 242, 243, 243, 244, 245, 245, 245, 245, 246, 245, 245, 245, 246, 247, 247, 246, 245, 245, 245, 244, 244, 245, 246, 245, 245, 245, 244, 244, 245, 244, 243, 243, 243, 242, 242, 243, 244, 244, 245, 246, 247, 248, 248, 247, 246, 245, 244, 244, 244, 245, 246, 247, 247, 246, 246, 246, 247, 247, 246, 245, 244, 244, 245, 245, 245, 245, 245, 246, 245, 246, 247, 246, 245, 245, 245, 246, 247, 248, 249, 249, 248, 248, 249, 249, 249, 248, 247, 246, 245, 244, 244, 243, 244, 245, 245, 244, 245, 245, 245, 246, 246, 245, 244, 244, 244, 245, 245, 246, 246, 247, 248, 248, 249, 249, 249, 249, 249, 249, 249, 249, 249, 249, 249, 249, 249, 249, 248, 247, 246, 245, 246, 247, 247, 247, 246, 247, 248, 248, 249, 248, 248, 247, 247, 247, 247, 248, 247, 247, 247, 248, 247, 246, 245, 245, 244, 244, 243, 244, 244, 245, 244, 243, 242, 241, 240, 239, 238, 238, 239, 240, 241, 241, 240, 239, 238, 237, 236, 235, 235, 234]
[88, 89, 88, 89, 89, 89, 89, 90, 91, 91, 90, 89, 88, 87, 86, 85, 84, 83, 82, 81, 81, 81, 80, 81, 82, 83, 83, 84, 85, 86, 87, 88, 89, 90, 91, 92, 93, 94, 95, 96, 97, 98, 99, 100, 101, 102, 103, 104, 105, 106, 107, 108, 109, 110, 111, 112, 113, 114, 115, 116, 117, 118, 118, 117, 116, 115, 116, 116, 115, 114, 114, 113, 113, 113, 112, 111, 112, 113, 114, 115, 116, 115, 116, 117, 118, 119, 120, 121, 122, 123, 124, 124, 125, 126, 127, 128, 129, 130, 131, 132, 133, 132, 131, 130, 130, 129, 128, 127, 126, 125, 124, 123, 122, 121, 120, 119, 118, 117, 116, 115, 114, 113, 112, 111, 110, 109, 108, 107, 106, 105, 104, 103, 102, 101, 101, 100, 99, 98, 97, 96, 95, 94, 93, 92, 91, 90, 89, 88, 87, 86, 85, 84, 83, 82, 81, 81, 81, 80, 80, 79, 78, 77, 77, 77, 76, 75, 74, 73, 74, 75, 75, 75, 76, 76, 75, 74, 73, 72, 72, 73, 74, 75, 75, 76, 76, 77]
Iteration 20 has 2 paths:
[242, 242, 242, 243, 244, 245, 246, 247, 247, 247, 246, 246, 246, 247, 247, 247, 246, 247, 247, 247, 246, 245, 246, 247, 247, 247, 247, 247, 246, 245, 244, 244, 243, 243, 243, 242, 241, 241, 241, 240, 241, 242, 243, 243, 243, 242, 243, 244, 243, 242, 242, 243, 243, 243, 242, 242, 243, 243, 242, 242, 243, 244, 245, 246, 246, 245, 245, 245, 246, 246, 247, 247, 246, 246, 247, 247, 246, 247, 246, 247, 247, 246, 245, 244, 244, 244, 244, 243, 244, 245, 246, 245, 244, 244, 244, 243, 244, 245, 246, 245, 246, 247, 247, 247, 247, 246, 245, 244, 243, 243, 243, 242, 241, 242, 243, 243, 242, 242, 243, 244, 244, 244, 244, 244, 244, 245, 246, 247, 246, 247, 246, 246, 246, 246, 247, 246, 247, 247, 247, 247, 246, 245, 246, 246, 245, 245, 245, 246, 247, 247, 246, 246, 246, 246, 246, 247, 247, 246, 245, 244, 243, 242, 242, 242, 243, 243, 244, 245, 246, 247, 247, 246, 245, 244, 243, 243, 244, 245, 244, 243, 243, 242, 241, 241, 240, 240]
[77, 78, 79, 78, 78, 79, 80, 81, 82, 81, 81, 80, 79, 78, 77, 76, 75, 76, 77, 78, 79, 80, 81, 82, 83, 84, 85, 86, 87, 88, 89, 90, 91, 92, 93, 94, 95, 96, 97, 98, 99, 100, 101, 102, 103, 104, 105, 106, 107, 108, 109, 110, 111, 112, 113, 114, 115, 116, 117, 118, 119, 120, 121, 122, 123, 124, 125, 126, 127, 128, 129, 130, 131, 132, 133, 134, 133, 133, 134, 135, 136, 137, 138, 139, 139, 140, 141, 142, 143, 144, 144, 144, 145, 146, 147, 148, 149, 148, 148, 147, 146, 145, 144, 143, 142, 143, 143, 142, 141, 140, 140, 140, 139, 138, 137, 138, 139, 138, 137, 136, 135, 134, 133, 132, 131, 130, 130, 130, 129, 128, 127, 126, 125, 124, 124, 123, 122, 121, 120, 119, 118, 117, 116, 115, 114, 113, 112, 111, 110, 109, 109, 108, 109, 108, 109, 110, 111, 110, 110, 109, 108, 108, 109, 110, 111, 112, 113, 114, 115, 116, 117, 118, 118, 117, 117, 117, 117, 117, 117, 116, 115, 114, 115, 115, 115, 114]
Iteration 21 has 2 paths:
[237, 238, 239, 240, 241, 241, 240, 241, 242, 243, 243, 243, 242, 243, 243, 244, 245, 245, 245, 244, 243, 243, 243, 243, 243, 242, 242, 243, 243, 242, 241, 240, 240, 241, 241, 240, 240, 241, 242, 243, 243, 244, 245, 245, 244, 243, 242, 241, 240, 239, 240, 241, 242, 243, 243, 243, 243, 243, 244, 245, 245, 245, 245, 245, 245, 245, 245, 245, 245, 245, 245, 244, 243, 244, 245, 244, 243, 243, 243, 243, 242, 243, 243, 244, 245, 245, 245, 244, 245, 245, 245, 244, 243, 243, 244, 245, 245, 245, 244, 244, 244, 245, 245, 244, 243, 243, 243, 244, 245, 244, 244, 245, 245, 244, 245, 245, 245, 245, 245, 245, 244, 245, 244, 243, 242, 242, 243, 243, 243, 244, 243, 242, 243, 243, 242, 242, 243, 242, 242, 243, 242, 243, 244, 243, 243, 243, 244, 245, 245, 245, 245, 245, 245, 245, 245, 245, 245, 244, 243, 242, 241, 240, 239, 238, 237, 236, 235, 234, 233, 232, 233, 234, 234, 235, 236, 237, 238, 239, 239, 240, 241, 241, 240, 239, 239, 240]
[79, 80, 79, 80, 81, 82, 83, 84, 83, 82, 81, 80, 79, 78, 77, 76, 75, 74, 75, 76, 77, 78, 78, 79, 80, 81, 82, 83, 84, 85, 86, 87, 88, 89, 90, 91, 92, 93, 94, 95, 96, 97, 98, 99, 100, 101, 102, 103, 104, 105, 106, 107, 108, 109, 110, 111, 112, 113, 114, 115, 116, 117, 117, 116, 115, 115, 116, 116, 115, 114, 113, 112, 112, 113, 112, 111, 112, 113, 114, 115, 116, 115, 116, 117, 118, 119, 120, 121, 122, 123, 124, 124, 125, 126, 127, 128, 129, 130, 131, 132, 133, 132, 131, 130, 131, 131, 131, 130, 129, 128, 127, 126, 125, 126, 127, 128, 127, 126, 126, 125, 124, 123, 122, 121, 120, 120, 119, 118, 117, 116, 117, 117, 116, 115, 114, 115, 116, 115, 114, 113, 112, 111, 110, 109, 108, 107, 106, 105, 104, 103, 102, 101, 100, 99, 98, 97, 96, 95, 94, 94, 93, 92, 93, 92, 93, 93, 92, 92, 92, 93, 94, 94, 95, 96, 97, 98, 99, 98, 98, 97, 96, 95, 94, 93, 93, 93]
Iteration 22 has 2 paths:
[234, 234, 235, 236, 237, 238, 239, 240, 241, 242, 243, 243, 243, 243, 243, 242, 242, 242, 242, 242, 241, 242, 243, 243, 242, 241, 241, 242, 241, 241, 241, 241, 240, 241, 242, 241, 241, 242, 242, 242, 242, 242, 243, 243, 242, 241, 240, 239, 238, 238, 239, 240, 239, 238, 238, 239, 240, 239, 239, 239, 239, 239, 240, 240, 241, 241, 240, 239, 239, 239, 239, 240, 241, 242, 243, 242, 242, 243, 243, 243, 243, 243, 243, 242, 243, 242, 242, 243, 243, 243, 243, 243, 243, 242, 242, 241, 241, 240, 241, 242, 242, 241, 242, 241, 240, 239, 239, 239, 240, 240, 241, 242, 242, 242, 241, 241, 240, 240, 241, 242, 242, 242, 243, 242, 241, 241, 242, 243, 243, 243, 242, 241, 241, 241, 242, 243, 243, 242, 241, 242, 241, 242, 243, 242, 242, 242, 243, 243, 243, 243, 243, 243, 243, 243, 243, 243, 243, 243, 242, 241, 240, 239, 238, 237, 236, 235, 234, 233, 232, 231, 230, 229, 228, 227, 226, 225, 226, 225, 225, 224, 223, 223, 224, 223, 224, 223]
[86, 87, 86, 87, 87, 86, 85, 84, 83, 82, 81, 81, 80, 80, 81, 81, 80, 79, 78, 78, 79, 79, 80, 81, 82, 83, 84, 85, 86, 87, 88, 89, 90, 91, 92, 93, 94, 95, 96, 97, 98, 99, 100, 101, 102, 103, 104, 105, 106, 107, 108, 109, 110, 111, 112, 113, 114, 115, 116, 117, 118, 119, 120, 121, 122, 123, 124, 125, 126, 127, 128, 129, 130, 131, 132, 133, 134, 134, 133, 134, 135, 136, 137, 138, 138, 139, 140, 141, 142, 143, 143, 143, 143, 144, 145, 146, 147, 147, 146, 146, 147, 147, 146, 145, 145, 144, 144, 143, 142, 141, 140, 139, 138, 137, 137, 138, 137, 136, 135, 134, 133, 132, 131, 130, 129, 128, 129, 129, 128, 127, 126, 127, 128, 128, 129, 128, 127, 126, 125, 124, 123, 122, 122, 122, 121, 120, 121, 122, 123, 124, 124, 123, 122, 123, 122, 123, 123, 124, 125, 126, 127, 128, 128, 127, 126, 126, 125, 125, 124, 123, 124, 125, 126, 127, 128, 129, 130, 131, 132, 133, 134, 135, 136, 137, 138, 137]
Iteration 23 has 3 paths:
[241, 241, 241, 241, 240, 239, 238, 239, 238, 238, 239, 239, 240, 239, 240, 241, 241, 241, 240, 240, 240, 241, 241, 241, 241, 241, 240, 240, 240, 240, 241, 240, 239, 238, 237, 237, 237, 238, 239, 240, 241, 241, 241, 241, 240, 239, 239, 240, 239, 239, 240, 241, 241, 241, 241, 240, 239, 239, 238, 238, 239, 240, 239, 239, 240, 240, 239, 238, 238, 239, 239, 239, 240, 240, 241, 241, 240, 239, 239, 239, 240, 240, 239, 238, 238, 238, 239, 239, 239, 239, 240, 240, 241, 241, 241, 241, 240, 239, 240, 241, 241, 240, 240, 240, 241, 241, 241, 240, 239, 240, 241, 241, 241, 241, 240, 240, 239, 239, 240, 241, 241, 241, 241, 241, 241, 240, 240, 240, 239, 240, 241, 241, 240, 241, 240, 240, 241, 241, 240, 241, 240, 240, 241, 241, 241, 241, 241, 241, 240, 240, 239, 238, 238, 237, 236, 235, 234, 233, 232, 231, 230, 230, 229, 228, 227, 226, 226, 225, 224, 225, 224, 224, 223, 222, 221, 220, 219, 219, 219, 219, 220, 221, 222, 222, 222, 223]
[89, 89, 89, 89, 88, 87, 86, 85, 84, 83, 82, 81, 80, 80, 81, 80, 79, 78, 77, 78, 77, 78, 77, 78, 79, 80, 81, 82, 83, 82, 82, 83, 84, 85, 86, 87, 88, 89, 90, 91, 92, 93, 94, 95, 96, 97, 98, 99, 100, 101, 102, 103, 104, 105, 106, 107, 108, 109, 110, 109, 110, 109, 110, 109, 108, 109, 110, 109, 108, 107, 106, 107, 108, 109, 110, 111, 112, 113, 114, 114, 115, 114, 115, 116, 117, 118, 119, 120, 121, 122, 123, 124, 125, 126, 127, 128, 129, 130, 131, 132, 132, 131, 131, 130, 130, 129, 128, 127, 126, 127, 126, 125, 124, 125, 126, 127, 126, 125, 125, 124, 123, 122, 121, 120, 120, 120, 119, 118, 117, 116, 115, 116, 115, 114, 113, 112, 111, 112, 111, 110, 109, 110, 109, 108, 107, 106, 105, 104, 103, 102, 101, 100, 99, 98, 97, 96, 95, 94, 93, 92, 92, 93, 94, 94, 94, 95, 96, 96, 97, 97, 98, 97, 97, 97, 97, 98, 99, 98, 97, 96, 95, 94, 93, 92, 91, 90]
[83, 84, 85, 84, 83, 84, 85, 84, 83, 82, 81, 80, 79, 78, 77, 76, 75, 74, 74, 73, 72, 71, 70, 70, 69, 69, 70, 71, 70, 70, 71, 72, 73, 73, 72, 72, 73, 73, 73, 73, 72, 71, 71, 72, 73, 72, 71, 70, 69, 70, 71, 71, 70, 69, 68, 69, 70, 69, 68, 67, 67, 67, 68, 69, 70, 71, 72, 71, 70, 69, 68, 69, 69, 68, 67, 67, 67, 68, 69, 70, 71, 72, 73, 74, 75, 76, 77, 78, 77, 77, 78, 77, 76, 75, 74, 73, 72, 71, 70, 69, 68, 67, 67, 68, 67, 67, 68, 69, 68, 69, 70, 71, 72, 73, 73, 73, 72, 71, 70, 69, 69, 70, 70, 69, 68, 67, 66, 65, 64, 65, 66, 66, 65, 66, 67, 68, 68, 69, 68, 67, 66, 65, 64, 63, 63, 63, 63, 62, 62, 61, 60, 59, 59, 58, 57, 56, 55, 54, 53, 52, 52, 51, 52, 51, 52, 51, 50, 50, 50, 51, 51, 51, 50, 49, 49, 50, 49, 48, 47, 46, 47, 46, 45, 44, 43, 42]
Iteration 24 has 3 paths:
[88, 88, 88, 88, 88, 87, 87, 87, 86, 86, 85, 84, 83, 82, 81, 80, 79, 78, 77, 76, 75, 76, 75, 76, 77, 78, 77, 78, 79, 80, 81, 82, 83, 84, 85, 86, 87, 88, 89, 90, 91, 92, 93, 94, 95, 96, 97, 98, 99, 100, 101, 102, 103, 104, 105, 106, 106, 107, 108, 108, 108, 107, 106, 106, 106, 107, 108, 107, 106, 105, 104, 103, 102, 101, 102, 103, 102, 102, 103, 104, 105, 106, 105, 104, 105, 106, 107, 108, 107, 107, 108, 109, 109, 109, 109, 110, 111, 112, 111, 110, 111, 112, 111, 110, 111, 110, 111, 112, 112, 112, 111, 112, 111, 110, 111, 112, 112, 111, 110, 111, 111, 111, 110, 109, 108, 107, 106, 105, 104, 103, 102, 101, 102, 101, 100, 99, 98, 97, 96, 95, 94, 93, 92, 91, 90, 90, 90, 90, 89, 88, 89, 90, 89, 88, 89, 89, 89, 89, 88, 89, 90, 91, 92, 91, 92, 92, 93, 94, 94, 95, 94, 93, 93, 92, 92, 91, 92, 93, 94, 94, 94, 94, 93, 92, 91, 90]
[231, 231, 231, 232, 233, 234, 235, 236, 236, 236, 237, 237, 238, 238, 238, 237, 237, 237, 238, 238, 238, 237, 238, 238, 237, 237, 238, 238, 238, 238, 237, 236, 235, 236, 235, 235, 235, 235, 236, 235, 236, 236, 236, 236, 235, 235, 236, 237, 236, 235, 236, 237, 238, 237, 237, 238, 238, 237, 236, 236, 236, 237, 238, 237, 237, 237, 236, 236, 236, 237, 237, 236, 236, 236, 236, 236, 236, 236, 237, 238, 238, 238, 238, 237, 238, 237, 236, 237, 237, 237, 237, 237, 237, 237, 237, 236, 236, 237, 237, 238, 238, 238, 238, 238, 237, 238, 238, 237, 237, 238, 237, 238, 237, 237, 238, 238, 238, 237, 237, 237, 237, 237, 237, 237, 237, 238, 238, 238, 237, 237, 237, 238, 238, 237, 237, 238, 237, 237, 238, 238, 238, 238, 238, 238, 237, 237, 236, 235, 235, 234, 233, 232, 231, 230, 229, 229, 230, 230, 229, 228, 227, 227, 226, 225, 224, 223, 223, 223, 222, 221, 221, 220, 219, 218, 217, 216, 216, 216, 217, 217, 218, 219, 219, 219, 220, 220]
[79, 80, 79, 80, 81, 82, 83, 82, 81, 80, 79, 78, 77, 76, 75, 74, 73, 73, 73, 72, 71, 70, 69, 68, 67, 68, 69, 70, 69, 70, 71, 72, 73, 74, 75, 76, 77, 78, 78, 77, 76, 76, 77, 78, 79, 79, 80, 81, 82, 83, 84, 85, 86, 87, 88, 89, 88, 87, 86, 85, 84, 83, 82, 81, 81, 80, 79, 78, 79, 79, 78, 77, 76, 75, 75, 76, 77, 76, 76, 75, 74, 73, 72, 73, 74, 75, 76, 77, 77, 76, 77, 76, 75, 74, 73, 72, 71, 70, 69, 68, 67, 66, 66, 67, 66, 66, 67, 68, 68, 69, 70, 71, 72, 73, 73, 73, 72, 71, 70, 69, 70, 70, 69, 68, 67, 67, 66, 65, 64, 65, 66, 66, 65, 66, 67, 68, 69, 70, 71, 72, 72, 72, 72, 71, 70, 69, 68, 67, 66, 65, 64, 63, 62, 61, 60, 59, 58, 57, 56, 55, 55, 54, 53, 52, 51, 50, 49, 48, 49, 48, 47, 46, 45, 44, 43, 42, 41, 40, 40, 39, 40, 39, 38, 37, 37, 37]
Iteration 25 has 2 paths:
[87, 87, 87, 87, 86, 85, 84, 83, 82, 81, 80, 79, 78, 77, 76, 75, 74, 73, 73, 72, 73, 74, 74, 75, 76, 77, 78, 79, 80, 81, 82, 83, 84, 85, 86, 87, 88, 89, 90, 91, 92, 93, 94, 95, 96, 97, 98, 99, 100, 101, 102, 103, 104, 105, 106, 107, 108, 109, 110, 111, 112, 113, 114, 115, 116, 117, 118, 119, 120, 121, 122, 123, 124, 125, 126, 127, 128, 128, 129, 130, 131, 132, 133, 134, 134, 135, 136, 137, 138, 139, 139, 138, 138, 139, 140, 141, 142, 141, 141, 142, 141, 140, 141, 141, 140, 139, 140, 140, 139, 138, 139, 140, 141, 141, 140, 139, 138, 139, 140, 140, 139, 138, 137, 138, 139, 138, 137, 137, 138, 139, 138, 137, 136, 135, 134, 133, 133, 133, 132, 131, 130, 129, 128, 127, 126, 125, 124, 123, 122, 121, 120, 119, 118, 118, 117, 117, 118, 119, 120, 121, 122, 122, 123, 123, 122, 122, 122, 121, 120, 119, 118, 117, 116, 116, 116, 115, 114, 113, 112, 111, 110, 109, 110, 111, 110, 110]
[234, 235, 235, 234, 233, 233, 234, 235, 235, 234, 235, 235, 235, 235, 234, 235, 235, 235, 234, 234, 233, 234, 235, 234, 233, 233, 233, 234, 234, 234, 235, 235, 235, 235, 235, 234, 233, 234, 234, 233, 234, 235, 235, 235, 235, 235, 235, 235, 235, 234, 233, 233, 233, 233, 233, 234, 235, 235, 234, 234, 234, 234, 234, 234, 235, 235, 235, 234, 234, 234, 234, 234, 234, 234, 235, 235, 234, 234, 234, 235, 234, 234, 234, 235, 235, 234, 234, 235, 235, 235, 235, 235, 235, 235, 235, 235, 234, 235, 235, 234, 235, 234, 235, 235, 235, 235, 234, 235, 235, 235, 235, 235, 235, 234, 234, 235, 235, 235, 235, 235, 235, 235, 235, 235, 235, 235, 235, 235, 235, 235, 235, 235, 235, 235, 235, 235, 235, 235, 235, 235, 235, 234, 233, 232, 232, 231, 230, 229, 228, 227, 226, 225, 224, 223, 222, 223, 224, 223, 222, 222, 221, 220, 219, 218, 218, 217, 217, 216, 215, 216, 216, 217, 217, 217, 217, 217, 217, 216, 215, 215, 216, 217, 218, 219, 220, 221]
Iteration 26 has 1 paths:
[89, 90, 89, 88, 87, 86, 85, 84, 83, 82, 81, 80, 79, 78, 77, 76, 75, 74, 73, 72, 72, 72, 73, 74, 75, 76, 77, 78, 79, 80, 81, 82, 83, 84, 85, 86, 87, 88, 89, 90, 91, 92, 93, 94, 95, 96, 97, 98, 99, 100, 101, 102, 103, 104, 105, 106, 107, 108, 109, 110, 109, 108, 107, 108, 109, 108, 107, 106, 105, 105, 106, 107, 108, 109, 108, 107, 108, 109, 110, 110, 111, 111, 112, 113, 114, 115, 116, 117, 118, 119, 120, 121, 122, 123, 124, 125, 126, 127, 128, 129, 130, 131, 132, 131, 130, 129, 128, 129, 128, 127, 126, 125, 124, 123, 123, 123, 122, 121, 121, 120, 119, 118, 117, 117, 117, 116, 115, 114, 113, 112, 111, 112, 112, 111, 110, 109, 108, 107, 106, 105, 104, 103, 102, 101, 100, 99, 98, 97, 96, 95, 94, 93, 92, 91, 90, 89, 88, 87, 87, 86, 85, 85, 85, 84, 83, 83, 82, 82, 82, 82, 82, 82, 83, 83, 83, 83, 82, 81, 82, 81, 82, 81, 80, 79, 78, 77]
Iteration 27 has 1 paths:
[88, 89, 88, 87, 87, 86, 85, 84, 83, 82, 81, 80, 79, 78, 77, 76, 75, 74, 73, 72, 71, 72, 72, 72, 73, 74, 75, 76, 77, 78, 79, 80, 81, 82, 83, 84, 85, 86, 87, 88, 89, 90, 91, 92, 93, 94, 95, 96, 97, 98, 99, 100, 101, 102, 103, 104, 105, 106, 107, 108, 109, 108, 109, 110, 109, 108, 107, 108, 109, 110, 111, 110, 111, 112, 112, 113, 112, 113, 114, 115, 116, 117, 118, 119, 119, 118, 119, 120, 121, 122, 123, 124, 125, 126, 127, 128, 129, 130, 131, 132, 133, 133, 134, 134, 133, 133, 134, 135, 134, 134, 134, 133, 132, 131, 130, 130, 131, 130, 129, 128, 127, 126, 125, 124, 123, 122, 121, 120, 119, 118, 117, 116, 115, 114, 113, 112, 111, 110, 109, 108, 107, 106, 105, 104, 103, 102, 101, 100, 99, 98, 97, 96, 95, 94, 93, 92, 91, 90, 89, 90, 90, 89, 90, 89, 89, 88, 89, 88, 89, 90, 91, 92, 91, 91, 91, 91, 92, 93, 92, 92, 92, 91, 91, 92, 93, 93]
Iteration 28 has 2 paths:
[87, 88, 87, 87, 87, 86, 85, 84, 83, 82, 81, 80, 79, 78, 77, 76, 75, 74, 73, 72, 71, 71, 71, 72, 73, 74, 75, 76, 77, 78, 79, 80, 81, 82, 83, 84, 85, 86, 87, 88, 89, 90, 91, 92, 93, 94, 95, 96, 97, 98, 99, 100, 101, 102, 103, 104, 105, 106, 107, 108, 109, 108, 107, 107, 108, 108, 107, 108, 109, 110, 110, 109, 110, 111, 111, 112, 112, 113, 114, 115, 116, 117, 118, 119, 118, 117, 118, 119, 120, 121, 122, 123, 124, 125, 126, 127, 128, 129, 130, 131, 132, 132, 131, 130, 129, 128, 127, 126, 125, 124, 123, 122, 121, 120, 121, 120, 119, 118, 117, 116, 115, 114, 113, 112, 111, 110, 109, 109, 109, 109, 110, 111, 112, 111, 110, 109, 108, 109, 108, 107, 106, 105, 104, 103, 102, 101, 100, 99, 98, 97, 96, 95, 95, 94, 93, 92, 91, 90, 89, 90, 90, 89, 90, 89, 88, 88, 89, 90, 90, 91, 92, 91, 90, 91, 91, 90, 91, 92, 91, 91, 92, 91, 90, 89, 88, 88]
[81, 82, 83, 82, 82, 83, 82, 81, 80, 79, 78, 77, 76, 75, 74, 73, 72, 72, 71, 70, 69, 68, 67, 66, 65, 65, 66, 67, 68, 69, 70, 71, 72, 73, 74, 75, 76, 77, 77, 76, 75, 76, 77, 78, 78, 79, 80, 81, 82, 83, 84, 85, 86, 87, 88, 89, 88, 87, 86, 85, 84, 83, 82, 81, 80, 80, 79, 78, 78, 78, 77, 76, 75, 74, 74, 75, 76, 76, 76, 75, 74, 73, 72, 73, 74, 75, 76, 77, 77, 76, 76, 75, 74, 73, 72, 71, 70, 69, 68, 67, 66, 65, 66, 67, 68, 69, 70, 71, 71, 72, 71, 70, 71, 72, 73, 73, 72, 71, 70, 69, 68, 69, 68, 67, 66, 65, 64, 63, 62, 61, 60, 59, 58, 57, 57, 56, 55, 54, 53, 53, 52, 51, 50, 49, 48, 47, 46, 45, 44, 43, 42, 41, 42, 41, 40, 39, 38, 39, 38, 37, 38, 39, 39, 39, 39, 38, 38, 38, 37, 36, 35, 34, 35, 35, 36, 37, 38, 39, 40, 39, 39, 39, 38, 37, 36, 37]
Iteration 29 has 1 paths:
[87, 88, 87, 86, 85, 85, 85, 84, 83, 82, 81, 80, 79, 80, 80, 80, 79, 78, 77, 78, 79, 80, 81, 82, 83, 82, 81, 80, 79, 79, 80, 81, 82, 83, 84, 85, 86, 87, 88, 89, 90, 91, 92, 93, 94, 95, 96, 97, 98, 99, 100, 101, 102, 103, 104, 105, 106, 107, 108, 109, 110, 111, 112, 113, 114, 115, 116, 117, 118, 119, 120, 121, 121, 122, 123, 124, 125, 126, 125, 126, 127, 128, 129, 130, 129, 130, 131, 132, 132, 133, 134, 133, 133, 134, 135, 136, 137, 137, 137, 137, 136, 135, 134, 133, 133, 134, 135, 134, 133, 132, 131, 130, 129, 128, 127, 126, 125, 124, 123, 122, 121, 120, 119, 118, 117, 116, 115, 114, 114, 115, 114, 113, 112, 113, 112, 111, 110, 109, 108, 107, 106, 105, 104, 103, 102, 101, 100, 99, 98, 97, 96, 95, 94, 93, 92, 91, 90, 89, 88, 89, 89, 88, 88, 87, 87, 87, 88, 89, 88, 89, 89, 90, 91, 92, 93, 94, 95, 96, 96, 96, 95, 94, 94, 94, 94, 94]
Iteration 30 has 1 paths:
[80, 81, 82, 83, 83, 83, 84, 83, 82, 82, 81, 80, 79, 80, 79, 78, 77, 76, 75, 74, 73, 73, 72, 72, 71, 72, 73, 74, 75, 76, 77, 78, 79, 80, 81, 82, 83, 84, 85, 86, 87, 88, 89, 90, 91, 92, 93, 94, 95, 96, 97, 98, 99, 100, 101, 102, 103, 104, 105, 106, 107, 106, 105, 104, 103, 104, 105, 105, 104, 103, 102, 101, 100, 99, 99, 100, 99, 100, 101, 102, 103, 104, 103, 102, 103, 103, 104, 105, 104, 104, 105, 106, 106, 106, 107, 108, 109, 110, 109, 108, 109, 110, 109, 108, 108, 107, 108, 107, 106, 105, 105, 104, 103, 102, 101, 100, 99, 98, 99, 99, 99, 98, 97, 97, 98, 97, 96, 95, 94, 93, 92, 91, 90, 89, 88, 87, 86, 85, 84, 83, 82, 81, 80, 79, 78, 77, 76, 75, 74, 73, 72, 71, 72, 71, 70, 69, 68, 67, 66, 66, 67, 66, 65, 66, 67, 68, 69, 70, 69, 69, 70, 69, 70, 71, 71, 70, 69, 68, 68, 69, 68, 68, 67, 66, 67, 68]
Iteration 31 has 1 paths:
[80, 81, 82, 83, 83, 83, 83, 82, 81, 80, 79, 78, 77, 76, 75, 74, 73, 72, 71, 70, 69, 68, 67, 67, 66, 67, 68, 69, 70, 71, 72, 73, 74, 75, 76, 77, 78, 79, 80, 81, 82, 83, 84, 85, 86, 87, 88, 89, 90, 91, 92, 93, 94, 95, 96, 97, 98, 98, 97, 98, 99, 100, 101, 102, 103, 104, 105, 106, 107, 106, 106, 106, 107, 108, 109, 110, 109, 110, 111, 112, 113, 114, 115, 116, 115, 114, 115, 116, 117, 118, 119, 120, 121, 122, 123, 124, 125, 126, 127, 128, 129, 130, 131, 130, 129, 128, 127, 126, 126, 125, 124, 124, 123, 124, 125, 125, 126, 125, 124, 123, 122, 121, 120, 119, 118, 117, 116, 115, 114, 113, 112, 111, 110, 109, 108, 107, 106, 106, 105, 104, 103, 102, 101, 100, 99, 98, 97, 96, 95, 94, 93, 92, 92, 91, 90, 89, 88, 87, 86, 85, 84, 83, 82, 82, 81, 80, 79, 78, 77, 76, 75, 74, 73, 72, 71, 70, 69, 68, 68, 68, 68, 69, 70, 70, 71, 72]
Iteration 32 has 3 paths:
[80, 81, 82, 83, 82, 83, 83, 83, 82, 81, 80, 79, 78, 79, 78, 77, 76, 75, 74, 73, 72, 72, 71, 72, 73, 73, 74, 75, 76, 77, 78, 79, 80, 81, 82, 83, 84, 85, 86, 87, 88, 89, 90, 91, 92, 93, 94, 95, 96, 97, 98, 99, 100, 101, 102, 103, 104, 105, 106, 107, 108, 109, 110, 111, 112, 113, 114, 115, 116, 117, 118, 119, 119, 120, 121, 122, 123, 124, 123, 124, 125, 126, 127, 128, 127, 128, 129, 129, 130, 130, 131, 130, 130, 131, 132, 133, 134, 133, 134, 134, 133, 132, 131, 130, 129, 130, 131, 132, 133, 133, 132, 132, 133, 133, 132, 131, 130, 131, 132, 132, 131, 130, 129, 130, 131, 130, 129, 129, 130, 131, 130, 129, 128, 129, 130, 131, 130, 129, 128, 127, 126, 125, 124, 123, 123, 124, 125, 124, 125, 126, 127, 128, 127, 126, 125, 124, 125, 124, 124, 123, 123, 123, 122, 123, 124, 125, 125, 125, 124, 123, 123, 124, 123, 122, 121, 121, 120, 119, 119, 120, 121, 122, 123, 123, 123, 123]
[76, 77, 78, 77, 77, 78, 79, 80, 79, 78, 77, 76, 75, 74, 73, 72, 71, 70, 69, 68, 67, 66, 65, 64, 64, 65, 66, 67, 67, 68, 69, 70, 71, 72, 73, 74, 75, 76, 76, 75, 74, 75, 76, 77, 77, 78, 79, 80, 81, 82, 83, 84, 85, 86, 87, 88, 87, 86, 85, 84, 83, 82, 81, 80, 79, 79, 78, 77, 78, 77, 76, 75, 74, 73, 73, 74, 75, 75, 75, 74, 73, 72, 72, 73, 74, 75, 76, 77, 77, 76, 75, 74, 73, 72, 71, 70, 69, 68, 67, 66, 65, 64, 63, 63, 64, 65, 66, 67, 68, 69, 70, 70, 71, 70, 71, 70, 69, 68, 67, 66, 65, 64, 63, 64, 65, 64, 63, 63, 62, 63, 64, 63, 64, 65, 66, 66, 67, 68, 69, 68, 67, 66, 65, 64, 63, 62, 62, 61, 60, 59, 58, 57, 57, 56, 55, 54, 53, 52, 51, 50, 49, 48, 47, 46, 45, 44, 43, 42, 41, 40, 40, 41, 40, 39, 39, 39, 38, 38, 39, 38, 38, 38, 37, 36, 36, 36]
[221, 221, 221, 221, 222, 223, 224, 225, 226, 226, 226, 225, 224, 224, 225, 226, 226, 226, 226, 226, 226, 226, 226, 226, 226, 226, 225, 225, 226, 226, 225, 225, 225, 226, 226, 226, 225, 225, 225, 225, 226, 226, 226, 225, 225, 225, 226, 226, 225, 225, 225, 226, 226, 226, 225, 224, 224, 225, 226, 226, 226, 226, 226, 226, 226, 226, 226, 226, 226, 226, 226, 226, 226, 226, 226, 226, 226, 226, 226, 226, 226, 226, 226, 226, 226, 226, 226, 226, 226, 225, 225, 226, 226, 226, 225, 226, 226, 226, 226, 226, 226, 226, 225, 224, 223, 222, 221, 220, 221, 222, 222, 222, 222, 222, 221, 220, 221, 221, 221, 221, 221, 221, 221, 221, 221, 220, 221, 221, 220, 221, 220, 221, 220, 221, 220, 221, 220, 220, 219, 218, 217, 216, 216, 216, 215, 215, 215, 215, 214, 213, 212, 211, 212, 212, 213, 214, 215, 214, 213, 212, 213, 212, 211, 210, 210, 209, 208, 207, 206, 206, 207, 207, 206, 205, 204, 203, 202, 202, 202, 202, 201, 201, 201, 200, 200, 200]
Iteration 33 has 1 paths:
[82, 83, 82, 81, 82, 83, 83, 82, 81, 80, 79, 78, 77, 76, 75, 74, 73, 72, 71, 70, 69, 68, 67, 66, 65, 65, 66, 67, 68, 69, 70, 71, 72, 73, 74, 75, 76, 77, 78, 79, 80, 81, 82, 83, 84, 85, 86, 87, 88, 89, 90, 91, 92, 93, 94, 95, 96, 97, 96, 97, 98, 99, 100, 101, 102, 103, 104, 105, 106, 105, 104, 104, 105, 106, 105, 104, 105, 106, 107, 107, 108, 107, 108, 109, 110, 111, 112, 113, 114, 115, 116, 117, 118, 119, 120, 121, 122, 123, 124, 125, 126, 125, 125, 124, 125, 125, 126, 127, 128, 129, 130, 130, 131, 132, 131, 130, 129, 130, 131, 130, 129, 128, 127, 128, 129, 128, 127, 127, 128, 129, 128, 127, 126, 127, 128, 129, 128, 127, 126, 125, 124, 123, 122, 121, 120, 120, 121, 122, 123, 124, 125, 126, 125, 124, 123, 122, 123, 123, 122, 122, 122, 121, 120, 121, 122, 123, 124, 124, 123, 122, 123, 124, 124, 125, 124, 125, 126, 127, 128, 127, 127, 128, 127, 127, 126, 127]
Iteration 34 has 2 paths:
[82, 83, 82, 81, 82, 83, 83, 82, 81, 80, 79, 78, 77, 76, 75, 74, 73, 72, 71, 70, 69, 68, 67, 66, 67, 68, 69, 70, 71, 72, 73, 74, 75, 76, 77, 78, 79, 80, 81, 82, 83, 84, 85, 86, 87, 88, 89, 90, 91, 92, 93, 94, 95, 96, 97, 98, 98, 97, 96, 97, 98, 99, 99, 100, 101, 102, 103, 104, 105, 104, 103, 104, 105, 106, 106, 105, 106, 107, 108, 109, 110, 111, 112, 113, 114, 113, 114, 115, 116, 117, 118, 119, 120, 121, 122, 123, 124, 125, 126, 127, 128, 129, 129, 130, 129, 129, 130, 131, 131, 130, 129, 129, 130, 131, 130, 130, 129, 130, 130, 129, 128, 127, 126, 127, 128, 127, 126, 126, 127, 128, 127, 126, 125, 124, 123, 122, 121, 120, 119, 118, 117, 116, 115, 114, 113, 112, 111, 110, 110, 109, 108, 107, 108, 109, 108, 107, 107, 108, 109, 108, 108, 108, 109, 109, 110, 110, 111, 110, 111, 111, 110, 111, 112, 111, 112, 111, 111, 111, 110, 109, 108, 108, 109, 110, 111, 110]
[162, 161, 162, 162, 161, 161, 162, 162, 163, 164, 163, 162, 161, 160, 159, 158, 158, 158, 157, 157, 156, 156, 157, 156, 157, 157, 157, 156, 155, 154, 155, 154, 155, 156, 155, 156, 157, 156, 155, 155, 154, 154, 154, 155, 155, 155, 155, 154, 155, 155, 155, 155, 155, 156, 156, 156, 156, 156, 156, 155, 155, 155, 156, 156, 156, 157, 156, 156, 156, 156, 156, 155, 155, 155, 156, 156, 155, 156, 155, 156, 156, 156, 156, 155, 156, 156, 155, 156, 156, 156, 155, 155, 154, 154, 154, 155, 154, 155, 154, 155, 155, 156, 155, 156, 155, 154, 154, 155, 155, 155, 155, 155, 155, 154, 154, 155, 155, 156, 157, 157, 157, 157, 157, 157, 156, 156, 157, 157, 157, 156, 157, 158, 159, 159, 158, 159, 158, 158, 159, 160, 159, 159, 158, 159, 160, 160, 159, 159, 159, 159, 160, 161, 162, 162, 162, 163, 164, 165, 166, 167, 168, 169, 170, 170, 170, 171, 172, 173, 174, 175, 176, 177, 178, 179, 180, 181, 182, 182, 183, 184, 185, 186, 187, 188, 189, 188]
Iteration 35 has 2 paths:
[82, 83, 82, 81, 80, 79, 78, 79, 78, 77, 76, 75, 74, 73, 72, 71, 70, 69, 68, 67, 66, 65, 64, 64, 63, 64, 65, 66, 67, 68, 69, 70, 71, 72, 73, 74, 75, 76, 77, 78, 79, 80, 81, 82, 83, 84, 85, 86, 87, 88, 89, 90, 91, 92, 93, 94, 95, 96, 95, 96, 97, 98, 99, 99, 100, 101, 102, 103, 104, 103, 102, 103, 104, 105, 105, 104, 103, 102, 101, 101, 102, 103, 102, 101, 101, 102, 102, 103, 102, 103, 104, 105, 106, 107, 106, 107, 108, 109, 108, 107, 108, 109, 108, 107, 107, 107, 108, 108, 108, 108, 107, 108, 107, 106, 107, 108, 108, 107, 106, 107, 107, 108, 109, 110, 111, 112, 111, 110, 109, 110, 110, 109, 108, 107, 106, 106, 106, 105, 104, 103, 102, 101, 100, 99, 98, 97, 96, 95, 94, 93, 92, 91, 90, 89, 88, 87, 86, 85, 84, 83, 82, 81, 81, 81, 80, 79, 78, 77, 76, 75, 74, 73, 72, 72, 71, 72, 73, 74, 75, 76, 77, 76, 77, 78, 78, 78]
[170, 171, 172, 173, 174, 175, 176, 177, 178, 178, 178, 179, 180, 180, 181, 182, 183, 184, 185, 184, 184, 184, 185, 186, 187, 188, 189, 190, 189, 190, 189, 188, 188, 189, 190, 191, 191, 190, 190, 190, 191, 192, 191, 190, 189, 188, 187, 187, 186, 187, 186, 187, 187, 188, 188, 187, 186, 186, 186, 186, 187, 188, 187, 186, 186, 185, 185, 185, 186, 187, 186, 186, 187, 187, 187, 186, 185, 185, 184, 183, 184, 185, 185, 186, 185, 184, 184, 185, 184, 183, 182, 182, 183, 183, 183, 183, 183, 183, 183, 183, 183, 182, 183, 183, 183, 183, 184, 183, 183, 184, 185, 186, 187, 187, 187, 187, 188, 188, 187, 186, 186, 185, 184, 184, 184, 185, 185, 186, 187, 188, 188, 188, 189, 189, 189, 189, 189, 189, 189, 190, 190, 190, 191, 190, 191, 191, 191, 192, 193, 194, 193, 193, 193, 193, 194, 194, 194, 193, 194, 195, 195, 194, 193, 193, 193, 194, 195, 195, 194, 193, 192, 193, 192, 191, 190, 189, 190, 191, 192, 191, 190, 190, 189, 188, 189, 188]
Iteration 36 has 1 paths:
[73, 73, 72, 73, 74, 75, 76, 77, 76, 75, 74, 73, 72, 71, 70, 69, 68, 67, 66, 65, 64, 63, 62, 62, 63, 64, 65, 66, 67, 68, 69, 70, 71, 72, 73, 74, 75, 76, 77, 78, 79, 80, 81, 82, 83, 84, 85, 86, 87, 88, 89, 90, 91, 92, 93, 94, 95, 95, 94, 95, 96, 97, 98, 99, 100, 101, 102, 103, 104, 105, 106, 107, 108, 109, 110, 109, 110, 111, 112, 113, 114, 115, 116, 117, 118, 119, 120, 121, 122, 123, 124, 125, 126, 127, 128, 129, 129, 129, 129, 129, 129, 129, 129, 128, 127, 128, 129, 129, 129, 128, 127, 126, 125, 124, 125, 125, 124, 123, 122, 121, 120, 119, 118, 117, 117, 117, 116, 116, 115, 114, 113, 112, 111, 110, 109, 108, 107, 106, 105, 105, 104, 103, 102, 101, 100, 99, 98, 97, 96, 95, 94, 93, 94, 93, 94, 95, 96, 95, 95, 94, 93, 92, 93, 93, 92, 91, 91, 90, 89, 88, 87, 87, 88, 87, 86, 85, 85, 86, 86, 85, 86, 86, 85, 86, 87, 87]
